time,x,y,z,phi,theta,psi,x_velocity,y_velocity,z_velocity,phi_velocity,theta_velocity,psi_velocity,rotor_speed1,rotor_speed2,rotor_speed3,rotor_speed4
0.06,-8.997260338706246e-07,-7.425750997026364e-08,10.002748707666846,6.28305538903375,0.0006805784882741861,0.0,-7.070485276600511e-05,-8.622276476144033e-06,0.09161991185895767,-0.006892067913087338,0.02765551809394493,0.0,433.342368294749,435.66040285959497,434.25215168065364,433.67378419523135
0.12000000000000001,-2.2267791873999975e-05,-4.252218467789551e-06,10.007995421125296,6.282355873118259,0.00206870470598286,0.0,-0.0007742886273223563,-0.00017651077637194658,0.08327111289969841,-0.02348605384561981,0.012073007676533194,0.0,401.8914385301623,400.47694320379094,401.69956100808696,400.192314524152
0.18,-0.00012837227459333936,-4.444964776918743e-05,10.022420755236528,6.280618737745776,0.0027709909927287057,0.0,-0.002857822786124091,-0.0013694608638701042,0.3975166050715654,-0.043082727093661094,0.010957940323857577,0.0,500.46322758776967,500.3819342651797,500.9082866522956,499.48120368143714
0.23999999999999996,-0.0003623027583776615,-0.0001902849551873391,10.049571762362584,6.27756859121887,0.0045826687017980205,0.0,-0.005083137970111865,-0.003774569305732894,0.507472503545182,-0.07462437862551916,0.05354817358954952,0.0,438.90615948863507,442.42649257970356,441.1037185430596,438.4896414195106
0.3,-0.0007822451592119104,-0.0005592345697694187,10.084523302876937,6.273408899304073,0.00799451644532656,0.0,-0.009277764847613982,-0.008993928788974696,0.6574985928452909,-0.06042180014362293,0.06278284791088433,0.0,453.10858363870113,453.8523945276926,451.5389839311277,452.67947474114555
0.36000000000000004,-0.0015298778322826159,-0.0013285996504842565,10.128293835895017,6.269549713872006,0.01148254356481715,0.0,-0.016038526405627165,-0.017055099111659786,0.801420645356798,-0.07354702893482977,0.04667905443205691,0.0,451.59103243696256,450.2926055461567,451.80839016754317,450.7460490521933
0.4200000000000001,-0.0027332858398572773,-0.002641696991093846,10.178782987483224,6.26532545970176,0.014566754255950443,0.0,-0.024367227347025885,-0.027141042394567688,0.8814820196091541,-0.06476457193953693,0.059483117856617446,0.0,430.4088299411001,431.4927280718318,431.15808267858097,431.8953574817423
0.48000000000000015,-0.004480066453256429,-0.0046177002289579305,10.232713313963835,6.261301595427913,0.017874596770393048,0.0,-0.0341776478963917,-0.039089909598982876,0.9161557474711978,-0.07211136077009785,0.04457865248689085,0.0,416.71457444333214,415.41206261009825,417.31377134115064,416.66835144507144
0.5400000000000001,-0.007021355998319483,-0.007568954378281983,10.296722282521724,6.256734538929381,0.020557614409266733,0.0,-0.05088012628277647,-0.05986286195832879,1.217184458809887,-0.08565296827625804,0.044992070949425665,0.0,497.3746503584384,497.4058376777538,498.2803029743718,497.2855122964658
0.6000000000000002,-0.010580897523331974,-0.011819112096225453,10.376149572225076,6.2522180276071815,0.023149014504803667,0.0,-0.06808072117630856,-0.08236893648886419,1.4301259113999398,-0.060009590659900185,0.039318727532775447,0.0,473.26297703746815,472.8270582428691,471.94479752784656,473.9153553201876
0.6600000000000003,-0.015318191302438767,-0.017635265093772952,10.471920643835839,6.2487071792759,0.02583629409788557,0.0,-0.0901649540517083,-0.11197276255287315,1.7617666728781476,-0.055680615739321274,0.05394174074973159,0.0,506.9088123263956,507.9592967008561,506.8796807053366,507.1887268336773
0.7200000000000003,-0.021248931197374653,-0.025042772024436194,10.579603580946513,6.244834581656635,0.02997893127835205,0.0,-0.10789152951649973,-0.13527722310981885,1.8275368528702038,-0.0954049703636491,0.08899650136586891,0.0,426.9951510585003,429.9785157925449,431.60445040928806,428.2349555869056
0.7800000000000004,-0.028238973559771445,-0.033816089836897475,10.688245895460696,6.23902880612949,0.035660749901816224,0.0,-0.12556668733967252,-0.15764234731021187,1.7938902402935484,-0.09962505568579745,0.10417134176033649,0.0,395.8460499717106,397.2486238825755,395.5592778811862,395.16119056932126
0.8400000000000004,-0.03655325719932158,-0.04423197552246833,10.799363963778948,6.233503564924078,0.04236026119219716,0.0,-0.15224883993355592,-0.19014130522811604,1.9097998061297308,-0.08017428925516545,0.12350608554607695,0.0,444.3901624590361,445.9829299417866,444.96358983908243,446.54565132661133
0.9000000000000005,-0.046647677632510196,-0.056749112735501345,10.918188455255379,6.228383094907535,0.04942964696832064,0.0,-0.18500823695535212,-0.22761637868200643,2.0507036925026974,-0.09845006002374537,0.10294820306563071,0.0,454.00886387671187,452.36848154673135,455.06161718001187,453.5904094168507
0.9600000000000005,-0.05892786876149439,-0.07170829372610343,11.046839290932487,6.22267340044411,0.05537693956696366,0.0,-0.22501243888020558,-0.27166780838286797,2.237226091489835,-0.0892886428164257,0.09009911225411546,0.0,468.65583014013504,467.66395478959544,467.9632294970266,468.6685443104345
1.0200000000000005,-0.07371925444473756,-0.0894142434016008,11.186232023008612,6.217333600282245,0.06081226896984404,0.0,-0.26862561050992323,-0.3191095419886274,2.408765618112408,-0.08841942373432586,0.09155001467467652,0.0,465.39064833270567,465.5106639860618,463.8141022609165,463.87612216200336
1.0800000000000005,-0.09116492252220776,-0.10999369656186661,11.334495001328726,6.212270306548174,0.06591221470654496,0.0,-0.3134459719889382,-0.367398750047767,2.532976769579286,-0.07735154108256814,0.06680557175844067,0.0,451.91459168008845,449.9213004841859,450.85608764447284,451.74363072071014
1.1400000000000006,-0.11113247189266562,-0.13328520129287563,11.486146049817242,6.207540702205053,0.06994423396979865,0.0,-0.3524862841713481,-0.409386835642493,2.5220138625265536,-0.08195158204829223,0.06797796525303389,0.0,407.44957580310916,407.55820276079004,408.3569629992782,407.94083188879716
1.2000000000000006,-0.13396172271515386,-0.15966307691516107,11.643443448473441,6.202828489099534,0.07413520598923373,0.0,-0.4089406982621624,-0.4703996121840592,2.7206764723913923,-0.07246178883875805,0.0733502755474755,0.0,473.30058429037217,473.7172417955707,475.1390693871342,475.8615121723314
1.2600000000000007,-0.16025686083704638,-0.1897866176304692,11.812346149385588,6.1984480173148135,0.07853380210044403,0.0,-0.46803724551834414,-0.5341808243072117,2.9088419789092197,-0.07412237816310571,0.07322917766953758,0.0,472.54736259537464,472.5418545166541,472.6036212650701,472.4718226112456
1.3200000000000007,-0.18992432467595272,-0.22354205024376272,11.989050992119896,6.1938525651681005,0.08303249889603848,0.0,-0.5213010707334639,-0.5914249239142052,2.981028199939641,-0.08204820985940119,0.07826335904551844,0.0,437.36524244079817,437.7888231713792,438.7350681057427,438.0717476993834
1.3800000000000008,-0.22300702795079244,-0.2609625283121138,12.171590166892626,6.188494692675944,0.08750880039782594,0.0,-0.5819147840085563,-0.6564264335357999,3.103155903073152,-0.11055587690338015,0.06604990782739828,0.0,454.0720218163048,453.095351939531,456.27553703738585,453.9869845410463
1.4400000000000008,-0.25946353961042795,-0.3020181266960449,12.357421435247419,6.1815249350016295,0.09146040121498888,0.0,-0.6336463611315296,-0.7126733112128055,3.0911270520364806,-0.1307674536996265,0.06547768703171253,0.0,411.60239902863754,411.55534652271206,412.9093848186639,411.1087991824449
1.5000000000000009,-0.29921127206165876,-0.3467022009961663,12.54377764106987,6.17508123017641,0.09551377015918572,0.0,-0.6916397253109521,-0.7774206568114932,3.120518281825418,-0.08117562476039085,0.07141707758857317,0.0,424.8214441311525,425.33407341515453,424.70865720868267,428.92876505921123
1.560000000000001,-0.3427589974973723,-0.39565518043883385,12.73436749375177,6.17055643047787,0.10023774919416795,0.0,-0.7603948379907923,-0.8547937476913773,3.232008039142493,-0.06585158890799388,0.0903652757454045,0.0,452.0058893067979,453.5350778928056,452.17746055374926,453.4058318225024
1.620000000000001,-0.38998887832030543,-0.448732426435063,12.926263708039833,6.16696554470451,0.1055419356400833,0.0,-0.8143737747869828,-0.9147599260314611,3.164599753481787,-0.04995244837303617,0.08416088692848206,0.0,394.1891849494071,393.62297533890074,393.7655377749869,395.23056989306093
1.680000000000001,-0.4410392183422781,-0.5060053390043503,13.118726092346579,6.163938353388804,0.11052360968854824,0.0,-0.887784360154177,-0.9946085916012092,3.2504134882425753,-0.05147358954220985,0.0806613842209614,0.0,445.75501137309226,445.47452607419694,445.67830479071756,445.5523517044152
1.740000000000001,-0.49714782991503775,-0.5687196935939629,13.321206310849588,6.161463196323977,0.115544267060959,0.0,-0.9830351600889861,-1.0961150342892008,3.497989900472775,-0.026156670418518838,0.08911144322441658,0.0,494.00191047687366,494.6295394615809,494.9448185171626,496.80376623200846
1.8000000000000012,-0.5580583181710348,-0.6364960902874319,13.52966309612987,6.159834244584653,0.12093054953756521,0.0,-1.0477692836436654,-1.1632485048945023,3.4505844371483088,-0.02921170703653482,0.0910587125464409,0.0,404.5772478750897,404.7601476694341,403.81779908456946,403.54184463769593
1.8600000000000012,-0.6231811450806619,-0.7085686054753465,13.73718075720721,6.158021017636557,0.12680692605626653,0.0,-1.1235028753225915,-1.239324693211816,3.466459116898157,-0.03231796925977581,0.10900747168620853,0.0,424.39382322119025,425.9402553691507,426.5181766888619,426.25244840034674
1.9200000000000013,-0.6932488812848615,-0.7855212188801138,13.947848493347841,6.156133902276174,0.13347567914326408,0.0,-1.2127214996092137,-1.3259179581948959,3.555309624442394,-0.029774074828447517,0.11510884147786045,0.0,449.8452475883005,450.34981546482294,449.6446688885152,449.85038278986036
1.9800000000000013,-0.7685866159819227,-0.8674997956621224,14.162185182502519,6.154061300155657,0.14037293154746866,0.0,-1.2991648927346404,-1.4068635294805605,3.588927070992115,-0.04637648366099255,0.11464342210349679,0.0,432.906727442015,432.8797433817682,434.2469680543319,432.85133875294366
2.0400000000000014,-0.8491333941969257,-0.9542797018913031,14.377746338956069,6.151017342832446,0.1470238496766676,0.0,-1.3863304680170823,-1.486052513651657,3.5961919141771443,-0.061296231604776374,0.10191696045234372,0.0,426.0018544604985,424.92355595063367,425.6209497159403,424.3401771460141
2.1000000000000014,-0.9354596828987897,-1.0462507590411623,14.596557936677979,6.14714716032687,0.15365058813797283,0.0,-1.4918231710536125,-1.5799842500026766,3.696906667341207,-0.07183962546806201,0.12357969281179254,0.0,455.0758820566178,456.8169012313197,456.520352910864,455.67525808131853
2.1600000000000015,-1.028655750565224,-1.1442855599394164,14.823872084877806,6.143120383161753,0.16093539814084412,0.0,-1.615456010005056,-1.688216703597319,3.8792327645213507,-0.05903106922568933,0.11669007364457003,0.0,482.14537661192793,481.63658623429586,482.0205518868988,482.98455854783623
2.2200000000000015,-1.1291729097055274,-1.2486738306620204,15.060444490670179,6.139035138207607,0.16872096618764143,0.0,-1.7358351109825236,-1.7917041096775832,4.0056904743488575,-0.10054993553376239,0.1478075772760515,0.0,465.55690876701095,467.99943524396207,469.64161419299097,466.40593615600767
2.2800000000000016,-1.2368051399046374,-1.3591286708064276,15.302902877571425,6.13328692760096,0.1779115700340137,0.0,-1.8527419510482166,-1.8906367764431722,4.075551376864029,-0.08769441469831156,0.16218121402625887,0.0,450.87286383254457,452.05430949326166,451.17661284202467,452.20570053314424
2.3400000000000016,-1.351717793682564,-1.4756934814689682,15.54990832358799,6.128245300449075,0.18735553592923804,0.0,-1.9785731003356337,-1.9952936578252105,4.1571680831334055,-0.07755388908429667,0.14554354262666816,0.0,457.52700148298015,456.22285190352903,456.38264652404666,457.1857835034763
2.4000000000000017,-1.4746869971067107,-1.598891494486424,15.803366262746467,6.123346881931253,0.19689895337956997,0.0,-2.1212777634999136,-2.1117010712155984,4.290369629640173,-0.09140637684248044,0.1775300219204828,0.0,473.8044356001861,476.2789045176974,474.4344829025113,473.36455155475664
2.4600000000000017,-1.606273422442886,-1.729051407834231,16.063934469285314,6.117701967866818,0.2078386166967645,0.0,-2.265944137474735,-2.227419472825782,4.394194402305911,-0.10005147528581536,0.19050664572616796,0.0,467.0058169116669,468.0472195938449,468.2936190885907,467.61352500229225
2.520000000000002,-1.7460037109569577,-1.8656701719992466,16.327071832984945,6.111665073860456,0.21954507176623927,0.0,-2.3927111926069062,-2.327017988700663,4.376522224409428,-0.10176530555197395,0.20299590790558436,0.0,429.7959702770899,430.8916614314976,431.3202755246863,431.16640363895453
2.580000000000002,-1.8945940973204187,-2.00916243764795,16.593631121520737,6.105694790663744,0.23236539631909991,0.0,-2.5614812722581894,-2.4565305857064867,4.507425963329754,-0.09533185002740605,0.22924935667732776,0.0,479.3148312654099,481.34664231903076,478.60644151130555,479.0881399899158
2.640000000000002,-2.0531927638740264,-2.1602454405957072,16.86626023056645,6.099615013039056,0.24627995711371842,0.0,-2.7263764961578576,-2.580003649241793,4.579044689880847,-0.11735495843599288,0.2367505628264957,0.0,464.2514953420583,464.8906566216181,464.5267349550482,462.78753859145365
2.700000000000002,-2.2228611440453543,-2.3195010762102366,17.14652203986108,6.09265273786429,0.26023839497186607,0.0,-2.9305672125277114,-2.7290404380762108,4.761105525333778,-0.11352825556570746,0.22282244866596262,0.0,501.31397982058667,500.34780028068,499.6822079277366,499.9507194045042
2.760000000000002,-2.4035821630943546,-2.486767447979593,17.431995777712565,6.086066085456352,0.27347654090745,0.0,-3.0945594316411693,-2.8469909040061796,4.753797049490774,-0.10317541840314357,0.21586805892969776,0.0,445.2441953217237,444.7228713648429,444.73381003784664,445.57045217810173
2.820000000000002,-2.594801858666743,-2.6615122921410714,17.71837898162168,6.079744149645876,0.28613801534185956,0.0,-3.280492854300528,-2.9782684052314097,4.791116542665289,-0.11014705781755603,0.19898127695611495,0.0,462.44065142914087,461.15009461417804,461.86009881655076,461.30053063366927
2.880000000000002,-2.797214512638809,-2.844106088582832,18.00619736403021,6.072593123415055,0.29779526462234784,0.0,-3.4675445068214596,-3.1086618553656242,4.801742266586754,-0.1514355998151415,0.18271181457509736,0.0,455.3024077017209,454.03431743266975,458.20842928007744,454.89989603602504
2.940000000000002,-3.0094020043354326,-3.03352018643017,18.289264128409204,6.063563656912905,0.3089604088718154,0.0,-3.6062412839092883,-3.2057822193332806,4.633720225093458,-0.14866826161685903,0.1920907206389711,0.0,394.5959875674033,395.49928287935603,395.09489899243994,395.3256290580611
3.000000000000002,-3.231681676371768,-3.229976840595191,18.567055976192844,6.0544007991133295,0.32002281386618137,0.0,-3.8039602591262893,-3.3434063859057934,4.624855254097162,-0.16235605135341147,0.16082375590736323,0.0,453.5866039937222,451.0995546437708,452.7112192736461,451.5865244278652
3.0600000000000023,-3.4657969095190495,-3.4346903048899033,18.843515960150338,6.044812481676335,0.3304084212849867,0.0,-4.000646966341159,-3.481052152251422,4.589441167896205,-0.15514366930392803,0.19034311587207134,0.0,444.67756836025245,447.11752917287345,445.58286389982135,446.14802185704286
3.1200000000000023,-3.7117268672865817,-3.647691480395373,19.117212252845526,6.035570087108685,0.34251569705910434,0.0,-4.197906766013113,-3.61960491428319,4.532736469689584,-0.15192165510127245,0.21818598651258644,0.0,439.9491103640142,442.28826139147253,440.8552277864035,441.09882316508464
3.1800000000000024,-3.9721816601275908,-3.87084588745917,19.394041067244565,6.025937818974732,0.3552784768326749,0.0,-4.484837785701246,-3.8194025163642524,4.692264889550925,-0.18950991143748888,0.1985904540406578,0.0,514.354298231883,513.0020161895427,514.1631901760006,511.47076389775776
3.2400000000000024,-4.2470244070078635,-4.104049340357024,19.67214103857984,6.014180219278771,0.36710888883925996,0.0,-4.677447753553145,-3.9547773019783117,4.576841433221134,-0.21371595281740194,0.1941826903821315,0.0,429.14771024873687,428.8128428443021,429.0189515558953,426.91821264954626
3.3000000000000025,-4.535644748277014,-4.346947951053082,19.948230398529155,6.001279787409642,0.3788448741335282,0.0,-4.943950497528455,-4.142642504024613,4.623937032786513,-0.21771832470633687,0.19828887310740234,0.0,485.7343889956191,486.0760524242526,486.8356073069668,486.49469736648314
3.3600000000000025,-4.837957916728757,-4.599568114721758,20.22084554931533,5.988666420563163,0.3907947717660205,0.0,-5.1340030261654315,-4.278798845934476,4.462435008568704,-0.19837340976019452,0.2008591889297124,0.0,418.6438123675169,418.9089353298997,417.8066489524334,419.4434283077189
3.4200000000000026,-5.151804305005809,-4.860478503028533,20.483509933816244,5.976667091675525,0.40249742525976995,0.0,-5.3283869665622605,-4.41892206031316,4.292236466672372,-0.2034267091343769,0.17971002098960162,0.0,419.15953779960023,417.35631457257864,416.9502344452426,416.4662472368912
3.4800000000000026,-5.478505967594413,-5.130669534602132,20.738083045073665,5.9646597934968035,0.4133684788476506,0.0,-5.562356948246829,-4.588125331344579,4.192135897296931,-0.19422715237326618,0.18397660756282547,0.0,446.1191687523068,446.4990715610862,444.63685931077003,445.35086787600267
3.5400000000000027,-5.818436046115467,-5.410467713573841,20.984321930709086,5.9528636861395725,0.4239604576891818,0.0,-5.769407521662448,-4.7391536659458735,4.014913581994796,-0.20182349567518443,0.1543700432614956,0.0,421.1648187275342,418.62675732999224,421.1367287112062,420.4386972115266
3.6000000000000028,-6.173136799247035,-5.701050030058456,21.224329422395392,5.940922502570803,0.43382815881006653,0.0,-6.0543946627255805,-4.947510021809088,3.9832417128612794,-0.19393905559656627,0.17940109067320123,0.0,475.41176827716686,477.3495980758041,474.83576726387145,475.4043845992049
3.660000000000003,-6.545524401708833,-6.0046021514941925,21.463000011899517,5.929107620124082,0.445332716064347,0.0,-6.358996920520453,-5.171357093236372,3.969974637114425,-0.2036394190034475,0.20906254943042746,0.0,486.11418875099474,488.3637765338347,487.2124606666591,486.45214919652074
3.720000000000003,-6.934525248470867,-6.32039517458804,21.696922277728984,5.916830974549688,0.45763385725037864,0.0,-6.608380794822627,-5.35562617201513,3.825791056782294,-0.2066242355777458,0.19538989955691827,0.0,446.2529817067278,445.17614580404296,447.1373525859518,446.8531812984068
3.780000000000003,-7.337449243983405,-6.6465014528936255,21.91964956041483,5.904469304756674,0.46961281229159635,0.0,-6.823175206667846,-5.515208284323837,3.5974044881475384,-0.2048629251374775,0.20702643806948265,0.0,418.0828159775063,419.13733728562823,416.99357629665946,417.10270155460745
3.840000000000003,-7.753685035949439,-6.982503692885683,22.12894691445048,5.891682943562252,0.481553116426352,0.0,-7.0520685882413785,-5.685443479128664,3.3778936522790124,-0.23961210376402384,0.17379796563789007,0.0,425.7885294039963,422.97493480775256,425.9729555784507,422.9409115939611
3.900000000000003,-8.185497142717873,-7.330092151014639,22.327811837404088,5.877187191091808,0.49174575517043184,0.0,-7.342026064978366,-5.90139063932731,3.2487335749153057,-0.2458824401860138,0.16059604461957197,0.0,463.6709614703774,462.6585638488458,463.12050506359265,462.5710183914714
3.960000000000003,-8.635615998276732,-7.69137102015727,22.51991719568271,5.862669061260254,0.5010188665316937,0.0,-7.662083964070122,-6.141711548533202,3.152142924502181,-0.23512141935384262,0.1383630687759753,0.0,480.8944134364253,479.2271216930577,480.73281988759953,481.4940409073249
4.020000000000002,-9.106208926728998,-8.068092694605722,22.707769532048857,5.84935640558081,0.5089583988323634,0.0,-8.024182035967327,-6.415965933435587,3.106442268583918,-0.20367204755278218,0.11615701549256852,0.0,506.4847389207834,504.89816230122193,503.40989899138214,505.6377061310524
4.080000000000001,-9.595014542762357,-8.458697866804599,22.88662628724602,5.837596680463495,0.5159330626804497,0.0,-8.269778993444659,-6.604777215562053,2.8541471218817573,-0.18391647334235364,0.11641842739134875,0.0,433.80263787054776,433.83704770722346,434.27214726614955,435.8879155991727
4.14,-10.099863449418532,-8.86167004103654,23.052009402849283,5.826472413754235,0.5235227350046099,0.0,-8.558734738823123,-6.827998337436681,2.656693690589697,-0.18855485650195722,0.14142057228005492,0.0,458.4901556028256,460.4866152081644,460.9904287604726,460.5915880454369
4.199999999999998,-10.620661388894176,-9.27701058306079,23.20292504540569,5.815411882103014,0.5322577395831845,0.0,-8.801709376481545,-7.017200116488339,2.3724694851413,-0.1770347676355318,0.15281751244934214,0.0,429.6970166092617,430.6829628861269,429.61186390985773,430.55365674139387
4.259999999999997,-11.15767737731697,-9.704979511821803,23.338822510454737,5.804937134735743,0.5413023438515134,0.0,-9.099048157804399,-7.248683126624871,2.155287528976398,-0.17007793398158785,0.14624014632293564,0.0,462.7676696153417,462.2698271646315,460.65834791361004,461.180186094004
4.319999999999996,-11.713217664759732,-10.14737745874799,23.462193244776834,5.795037430377386,0.5501231160402629,0.0,-9.41903946220333,-7.498050712416216,1.954613235000488,-0.1564007947395398,0.14851341316877315,0.0,473.780544350947,473.9741287030903,473.7793362291721,474.8058945563161
4.379999999999995,-12.284833894649681,-10.602362441062395,23.568525417169383,5.7855903677804505,0.5587011343597821,0.0,-9.63555258868837,-7.668741891445461,1.5888009944725503,-0.15963591711110584,0.12857783663166447,0.0,412.7019839273706,410.9583403810447,410.0533082721827,409.73988136669476
4.439999999999993,-12.872435882808553,-11.069894901414695,23.656696086930218,5.776375788378816,0.5658784238168781,0.0,-9.951262423800534,-7.915862141754319,1.347903161314087,-0.14361083661060536,0.08803881106090378,0.0,469.20532233267494,466.05743367490265,467.58252890813225,468.80864301998344
4.499999999999992,-13.478062398506149,-11.551584510793601,23.72867565256015,5.767326710318205,0.5712868221365648,0.0,-10.236568184147966,-8.140876604226293,1.0496473562100879,-0.17185704573436322,0.09403939999993544,0.0,449.4093956266394,449.90239211276094,451.9684679060491,449.66334311608256
4.559999999999991,-14.10076509510611,-12.046788019602928,23.782260271105653,5.756778838195853,0.5770439759973627,0.0,-10.520439623280934,-8.36635821647471,0.7345993514933948,-0.1851358017964131,0.09952531600502404,0.0,448.66627473704295,449.1193726978862,448.48032845447716,447.370287646834
4.6199999999999894,-14.73849847189859,-12.55402765176827,23.813832605299368,5.745948618993847,0.5828988675430793,0.0,-10.738062352877035,-8.542421667868755,0.31669751642181254,-0.17256832818873305,0.09338271625413962,0.0,407.9905138106132,407.4505079517287,406.6102620416155,407.7002534836969
4.679999999999988,-15.39476929160749,-13.076136200144068,23.827026427531823,5.735264928623273,0.588227244764127,0.0,-11.137037811531242,-8.861094174216063,0.11958355360200384,-0.1922593789246353,0.0775794270507193,0.0,507.01393297397686,505.88225236986085,507.0183592752218,505.5743835596258
4.739999999999987,-16.072033824767047,-13.615143134719688,23.824080993679612,5.723860275846986,0.5935985194515894,0.0,-11.43853696788307,-9.106231472538633,-0.22009848588367392,-0.18604259029637127,0.10644718064105302,0.0,455.465259659597,457.775372459588,457.4062188939429,457.8672307992472
4.799999999999986,-16.768913561515213,-14.170126645732795,23.80215684111878,5.7130341452169855,0.5997374562231865,0.0,-11.79049525745679,-9.393323104021785,-0.5138352072454343,-0.17109770719727557,0.09242046457805436,0.0,484.4105758944693,483.3622473872238,483.27775390314474,484.37464195054645
4.859999999999984,-17.487197973188113,-14.742631233084847,23.762401238918585,5.702344648296057,0.606056841013543,0.0,-12.1519543315367,-9.690221587996,-0.8146259733229116,-0.19851705500562003,0.1232110565399516,0.0,487.450658912521,489.7553796757545,491.82967052225825,489.76564016793435
4.919999999999983,-18.22587036314297,-15.33199140572152,23.702449354491897,5.690299177266446,0.6139783256585769,0.0,-12.470313645778022,-9.955354147247425,-1.1867840831608725,-0.20565608589737097,0.14549727724117373,0.0,468.2402320154184,469.98630100030863,468.9074802393784,468.31500851545064
4.979999999999982,-18.981570076359663,-15.935687147991219,23.61715557865594,5.677659902386445,0.6224099922697643,0.0,-12.719993109731973,-10.168462364563633,-1.6586007732778238,-0.22319361581074576,0.12807179478001526,0.0,433.45172822893966,432.0027706268837,432.3865689728164,430.860102594765
5.0399999999999805,-19.751857735035617,-16.551938916582195,23.502569228267888,5.664465782604568,0.6303766429640278,0.0,-12.956645376193721,-10.374008661376164,-2.163139630100103,-0.21402998014248006,0.14082442445165005,0.0,422.7592453559827,423.8743118346219,423.71207801492085,424.4491167879869
